0.500999927521 1994
1.30800008774 1795
1.81500005722 1989
2.92499995232 1919
6.03500008583 1895
7.14100003242 1967
8.5490000248 1929
9.35399985313 2033
10.1600000858 1806
10.4670000076 1928
10.9719998837 1818
13.7860000134 1921
15.6970000267 1956
17.001999855 2019
21.7209999561 1962
22.9300000668 1961
23.8369998932 1879
26.8480000496 1944
27.3510000706 1982
29.3619999886 1978
30.2720000744 1940
32.7829999924 1832
35.4960000515 2023
36.001999855 1944
36.4070000648 1895
38.2189998627 2036
42.6349999905 2023
43.8439998627 2038
44.9500000477 1888
45.2539999485 1926
47.3659999371 2063
50.1800000668 1816
51.6889998913 1889
51.993999958 2007
52.6970000267 1984
52.9029998779 2048
54.111000061 1854
54.5169999599 1869
55.7239999771 1911
57.1340000629 1787
57.2369999886 2040
58.9430000782 1859
59.1480000019 2038
59.753000021 2014
60.1579999924 1880
63.5720000267 1904
64.0769999027 1888
68.4930000305 2007
70.4049999714 1942
74.9200000763 1935
77.631000042 1971
80.3459999561 2036
80.8510000706 2064
80.9559998512 1898
81.0599999428 1830
83.3710000515 1822
84.1759998798 1936
85.3840000629 1918
86.8959999084 2000
88.2039999962 1994
88.9079999924 1859
89.0130000114 1986
94.0329999924 1891
95.5429999828 1854
98.3559999466 1933
98.760999918 1993
101.773999929 1883
102.078000069 2032
102.88499999 2056
108.207000017 1968
109.717000008 1907
109.921999931 2024
110.126999855 1803
111.234999895 1907
113.645999908 1945
114.05099988 1917
116.463000059 1941
116.667999983 1923
118.177000046 2008
119.083999872 1950
120.39199996 1812
121.198999882 1897
123.210999966 1941
124.218999863 1862
124.322999954 1972
125.73300004 2040
126.338999987 1945
128.25 2086
129.859999895 1930
130.26699996 1928
130.872999907 1875
131.678999901 1885
134.09100008 1903
136.602999926 1940
136.707999945 1952
137.714999914 1950
138.922999859 1853
140.131000042 1911
140.335999966 1925
140.438999891 1990
143.453000069 1870
144.25999999 1947
144.766000032 1927
145.572999954 1909
148.085000038 1911
148.391000032 1950
150.703000069 1929
151.710999966 1956
154.624000072 2002
157.236999989 1828
157.64199996 2070
159.451999903 1999
161.961999893 1931
162.667999983 1864
163.072999954 1859
163.780999899 1935
165.289999962 1905
167.201999903 1838
168.309999943 2094
168.917000055 1978
169.122999907 1862
169.728999853 1995
169.933000088 1941
170.237999916 1971
173.152999878 1896
173.558000088 1804
174.664000034 1961
176.070999861 2022
177.478999853 1987
177.683000088 1908
178.691999912 1895
179.601999998 1972
181.912999868 1996
183.119999886 1829
185.832000017 1883
186.838000059 1999
187.444999933 1899
187.851000071 1894
187.953000069 1909
188.861000061 1868
191.372999907 1895
191.476999998 1998
191.681999922 1880
191.786000013 1885
194.496000051 1928
195.101999998 2538
195.203999996 1889
195.606999874 1909
195.911999941 1851
197.621000051 2077
198.527999878 2039
198.933000088 1844
203.152999878 1911
206.48300004 1946
207.490999937 1866
209.299999952 1858
209.504999876 1853
214.724999905 1924
218.138999939 1891
219.848999977 1891
228.480999947 1974
230.690999985 2000
232.399999857 1939
232.905999899 1915
233.914000034 2049
234.01699996 2020
234.522000074 1897
234.927000046 1991
236.335999966 1917
239.649999857 1900
241.859999895 2002
244.069000006 1998
244.976999998 1801
245.078999996 1840
245.384000063 1916
248.297999859 2302
250.309000015 2043
253.220999956 2049
254.128999949 1890
254.433000088 1926
256.443000078 1978
256.547999859 1952
257.154000044 1980
257.457999945 1930
260.16899991 2017
261.575999975 2006
264.99000001 1908
265.898000002 1969
266.803999901 1907
267.410000086 1924
267.61500001 2057
267.718999863 1802
267.823999882 1841
268.029999971 1987
269.236999989 1967
269.542000055 1936
269.647000074 2057
272.059000015 1858
273.164999962 1950
275.476999998 1866
276.183000088 1946
276.990999937 1954
278.90199995 1989
280.00999999 2061
283.823999882 2019
284.730999947 1927
285.335999966 1803
286.845999956 1888
286.950999975 1995
287.556999922 1905
292.069000006 1914
292.67599988 1893
293.684000015 2025
295.796999931 1928
297.805999994 2020
298.411000013 1959
303.833999872 1914
306.947999954 1866
308.157999992 1940
309.565999985 1907
311.576999903 1894
311.680999994 2007
312.489000082 1926
313.796000004 1920
316.007999897 1949
316.410000086 1978
319.924000025 2001
322.036000013 2722
322.740999937 2044
323.04399991 1898
324.351000071 1828
324.957999945 1887
325.263000011 2038
325.667999983 1822
330.787999868 2057
332.59800005 2034
333.103999853 1878
334.612999916 1837
335.618999958 1924
339.74000001 1848
340.145999908 1916
342.556999922 2060
343.364000082 1956
344.773999929 1876
346.78399992 2010
346.888000011 2061
347.093999863 1923
350.210999966 2044
351.118000031 1891
351.922999859 2004
361.15899992 1997
363.871000051 1839
365.279999971 2078
366.086999893 1916
366.691999912 1922
366.996999979 1991
369.411000013 1951
369.612999916 1878
370.217999935 1936
371.52699995 1944
373.43599987 1878
373.540999889 1908
373.746000051 1943
375.655999899 2001
377.764999866 2024
382.481999874 1967
382.786999941 1955
385.297999859 2011
386.102999926 1972
386.507999897 1941
386.713000059 1874
387.41899991 1946
388.424999952 1770
392.24000001 2048
395.152999878 1908
395.555999994 1891
395.960999966 2033
396.967999935 1918
397.374000072 2058
397.780999899 1941
399.690000057 2031
400.997999907 2032
401.102999926 1957
401.40899992 1929
402.214999914 1847
402.41899991 1931
404.128999949 1948
404.63499999 1881
406.444999933 1907
406.848999977 1985
408.960000038 2070
409.36500001 1813
410.072999954 1922
411.480999947 1803
411.887000084 2082
413.493999958 1867
413.697999954 1969
414.203999996 2019
414.309000015 1916
414.513999939 1961
414.717999935 1860
414.924000025 1916
415.830999851 1936
417.037999868 1869
418.547999859 1891
418.852999926 1937
419.85800004 1907
420.661999941 1914
420.967999935 1973
421.371000051 1857
421.476000071 1902
423.184000015 1929
424.894000053 1864
425.5 1986
426.405999899 1879
428.516000032 1958
430.125999928 2025
430.330999851 1978
432.540999889 1884
432.945999861 2055
434.555000067 1901
435.059999943 1937
438.575999975 1919
443.993999958 1992
445.90199995 1998
447.109999895 1902
447.717000008 2039
447.921000004 1869
448.728999853 2007
448.934000015 1854
449.037999868 1909
449.945999861 1870
450.251999855 1959
452.562999964 1945
452.767999887 1938
455.279000044 1893
455.885999918 1950
456.892999887 1912
457.09800005 1920
457.203000069 1830
458.81099987 1855
461.121999979 1952
461.928999901 1952
463.63499999 1885
464.24000001 2005
466.05099988 1978
466.455999851 1932
466.762000084 1911
468.671999931 1920
469.27699995 1900
469.582999945 2012
470.289000034 1871
470.795000076 1819
471.500999928 1791
472.207999945 1916
472.815000057 1961
473.519999981 1968
473.825000048 1998
474.230000019 1951
474.536999941 1912
475.444000006 1924
476.953999996 1892
477.058000088 1845
477.162999868 1874
477.769000053 1918
477.973999977 1853
479.684999943 1887
480.290999889 1935
481.398999929 1924
481.503999949 2040
482.410000086 1869
482.915999889 1936
483.322999954 2063
484.529999971 1858
485.838000059 1931
486.142999887 1860
486.447000027 1894
489.059000015 1953
489.263000011 1905
490.97300005 1910
491.075999975 2018
493.385999918 1944
493.690999985 1906
495.601000071 1958
496.707999945 2296
497.616999865 1887
500.128000021 1989
500.433000088 1945
502.744999886 1962
502.848999977 1982
503.251999855 1964
503.858999968 1838
504.36500001 1871
505.470999956 1983
506.779999971 1895
509.392999887 1859
510.398000002 1882
510.803999901 1897
515.724999905 1983
516.129999876 1943
517.937999964 1910
518.243000031 1887
518.34800005 1915
520.657999992 2015
522.470999956 1922
526.083999872 1877
526.892999887 1812
528.30099988 1799
529.510999918 1961
529.71600008 1970
530.221999884 1874
532.53399992 1977
534.546000004 1893
534.750999928 1856
538.366999865 1912
539.575999975 1924
539.680000067 1819
541.289999962 1878
545.105999947 2010
545.411000013 2011
546.819000006 2035
550.233999968 1906
550.338000059 1902
551.444999933 2028
553.453999996 1948
554.56099987 1907
554.664999962 1862
554.769999981 1898
556.980000019 1919
557.085000038 1907
557.289999962 1840
559.500999928 1922
560.609999895 1898
562.728999853 1911
563.43599987 1850
564.138999939 2015
565.142999887 2049
565.944999933 1986
566.546999931 1895
566.648999929 1917
570.861999989 1882
571.164000034 1961
571.968999863 2708
572.47300005 1887
573.878000021 1911
574.484999895 1907
574.688999891 1957
577.802999973 1867
580.210999966 1916
582.217000008 1991
583.320999861 1935
584.023999929 1983
584.524999857 1801
585.328000069 1951
585.430000067 2096
587.737999916 1909
588.743000031 1854
589.445999861 2046
591.351999998 1908
592.957999945 1931
593.058000088 1844
596.065999985 1876
596.26699996 2225
596.66899991 2008
596.869999886 1989
600.478999853 1919
600.881000042 2038
601.082000017 2028
601.184000015 1920
603.59100008 1946
604.694000006 2010
605.598999977 1940
605.802000046 1863
608.309000015 1907
608.411000013 2049
608.614000082 1917
611.220000029 1912
611.320999861 2033
612.023999929 1941
614.129999876 1924
617.34100008 1894
617.54399991 1920
618.747999907 1961
619.149999857 1887
620.853999853 2027
622.760999918 1924
623.161999941 2066
623.364000082 2007
623.86500001 1945
624.065999985 1932
624.167000055 1995
625.871000051 2026
627.677000046 1885
627.977999926 1940
628.579999924 2021
630.184000015 1965
630.385999918 2043
635.0 1871
635.30099988 2021
636.904999971 2019
637.207000017 1892
641.218999863 1914
642.128000021 1936
643.330999851 1927
644.032999992 2048
644.74000001 2013
646.444000006 1830
647.346999884 1886
647.549000025 1891
647.849999905 1956
648.453999996 1919
648.654999971 1999
651.263000011 1851
655.072999954 1985
655.575000048 1838
658.382999897 2019
661.195999861 1982
661.496999979 1947
661.802000046 2048
662.905999899 1963
663.708999872 2069
666.214999914 2014
666.917999983 2011
668.22300005 2007
670.330999851 1826
670.933000088 1881
673.438999891 2038
673.84100008 2002
674.14199996 1920
674.443000078 1893
674.644000053 2015
677.15199995 1936
677.855000019 1935
677.954999924 1907
679.65899992 1938
681.36500001 1803
682.368999958 1858
682.770999908 1908
687.986000061 1932
689.690999985 1876
690.092999935 1937
692.499000072 1907
692.901000023 1833
694.405999899 2013
695.710000038 1863
695.81099987 1889
698.519000053 1961
698.921000004 1932
700.224999905 1891
700.931999922 2028
702.035000086 1999
704.845000029 1886
712.674999952 1905
713.382999897 1947
713.891000032 1909
718.009000063 1891
719.414000034 1903
719.815999985 2063
720.217000008 1920
721.520999908 1965
722.424000025 1995
723.325999975 1919
725.833999872 2048
726.637000084 1891
727.638999939 1902
729.944999933 1894
732.254999876 1883
732.460999966 1997
732.565999985 1888
733.372999907 1896
733.477999926 1945
733.78399992 1990
733.989000082 1949
734.194000006 1952
737.608999968 1863
737.710999966 1891
738.618000031 1862
740.626999855 1929
741.734999895 1932
742.042000055 1895
742.445999861 1898
742.753000021 1907
745.464999914 1905
746.368999958 1853
748.681999922 1931
753.295000076 2018
753.395999908 1975
753.697000027 1837
754.598999977 1905
757.309000015 1862
757.609999895 1895
758.012000084 1909
759.815999985 1893
762.823999882 2069
763.927999973 2010
764.329999924 1916
765.332999945 1962
765.434000015 1950
765.535000086 1912
768.546999931 1874
769.849999905 1849
770.751999855 1930
771.154000044 2011
772.056999922 1957
772.257999897 1823
774.36500001 1864
774.569000006 1872
775.776000023 2015
777.779999971 1912
778.382999897 1904
779.286000013 1949
780.389999866 1959
782.093999863 2057
782.195999861 1887
782.296999931 1859
783.700999975 1893
784.506999969 1954
786.912999868 2011
787.816999912 2037
789.622999907 1912
790.027999878 3300
792.934999943 1898
793.842000008 1916
797.351000071 1915
798.555000067 1885
799.657999992 1824
801.361999989 1980
801.763000011 1944
802.665999889 1913
806.67599988 1875
807.277999878 1893
809.384000063 2004
810.289000034 1873
811.592999935 1867
812.697999954 1892
813.700000048 1936
815.305000067 1912
815.806999922 1943
816.90899992 1858
817.510999918 1947
820.318000078 1869
821.522000074 1870
823.527999878 1914
823.629999876 2077
823.933000088 1907
825.137000084 1946
828.144999981 1887
828.746999979 1939
830.052000046 1882
830.859999895 2046
835.470000029 1912
837.674999952 1884
838.779999971 1834
840.28399992 1990
840.589999914 1857
841.601999998 1996
843.305999994 2022
843.407000065 1863
845.111999989 2011
848.72300005 2521
850.026000023 1869
850.328999996 1986
850.430000067 1895
853.440000057 2053
853.740999937 1966
853.941999912 2015
854.142999887 1870
854.54399991 1855
856.049000025 2011
856.55099988 1912
856.753000021 2049
864.47300005 1856
867.279000044 1872
870.688999891 1839
872.796000004 1812
875.402999878 1945
876.910000086 1948
877.411000013 2025
877.914000034 1870
878.917999983 1860
879.220999956 1861
879.323999882 1964
881.529000044 1928
883.437000036 2028
883.739000082 1958
884.542000055 1911
889.853999853 1903
892.662999868 1896
894.868999958 1888
895.069999933 1888
896.374000072 1918
896.876999855 1885
898.180999994 1995
898.481999874 1885
898.983999968 1923
899.285000086 1953
901.292000055 1995
903.698999882 1789
907.309000015 2014
909.618999958 1961
909.822999954 1812
911.134000063 1877
911.737999916 1844
912.546000004 1880
912.951999903 1916
913.154999971 1938
915.667000055 2053
915.770999908 1916
915.976000071 1867
918.286999941 1861
919.093999863 1928
919.197000027 1813
923.414999962 2046
923.519000053 1907
923.723999977 1924
925.23300004 1941
926.943000078 2026
927.047999859 1960
928.254999876 1874
930.164999962 1903
930.369999886 1943
930.674999952 1896
931.583999872 1842
932.389999866 1910
932.894999981 1828
935.705999851 1898
935.910000086 1890
936.014999866 1897
936.622999907 1941
937.329999924 1896
940.244999886 2073
942.052000046 1899
942.157000065 1837
943.065999985 1903
946.582000017 1908
948.994999886 2037
949.299999952 1919
950.506999969 1878
951.514999866 1894
952.121999979 2027
953.029000044 1965
953.233999968 2028
953.338000059 1963
954.948999882 1873
955.954999924 1916
958.266000032 1860
958.672999859 1889
959.980999947 1924
963.892999887 2007
965.503000021 2040
965.707999945 2007
965.812999964 1881
967.320999861 1874
968.227999926 1969
968.733999968 1932
970.142999887 1906
973.253000021 1874
973.558000088 1895
973.862999916 1921
974.569999933 1937
975.878000021 1894
977.989000082 1917
979.598999977 1960
980.204999924 2159
981.012000084 2024
981.217000008 1861
981.823999882 1928
981.927000046 1965
982.332999945 1910
985.34800005 1934
985.851999998 1863
986.958999872 1914
987.364000082 1891
991.282000065 1885
991.486999989 2003
993.799000025 1887
994.003999949 1938
998.621000051 1991
999.628999949 2049
1001.23600006 1978
0.200000047684 2025
2.01000022888 1924
3.01900005341 1969
4.32600021362 2055
5.24700021744 1869
6.35600018501 1925
6.76000022888 1860
7.46800017357 1961
8.78000020981 2046
8.98300004005 1930
10.2910001278 1955
11.4990000725 1925
11.8030002117 1882
12.0080001354 1904
13.8160002232 1916
15.2240002155 2019
17.1380000114 1933
17.3440001011 1927
17.8500001431 1824
18.5580000877 1953
20.1700000763 1799
21.5770001411 1836
22.1840000153 1954
26.6019999981 1975
27.1080000401 1989
28.4160001278 1899
29.2230000496 1882
33.0380001068 1938
34.0470001698 1932
35.4560000896 1997
36.6670000553 1932
36.8720002174 1957
37.2730000019 2003
37.8890001774 1968
38.9970002174 1934
39.2010002136 1910
39.4060001373 1907
40.9160001278 1859
41.3220000267 1840
42.631000042 1895
42.736000061 1800
43.242000103 1900
45.1560001373 2019
45.6630001068 1961
47.873000145 2036
48.2800002098 1941
48.5850000381 2007
51.1980001926 1962
52.7060000896 2060
54.0150001049 1974
54.5180001259 1878
60.5420000553 1875
61.4500000477 1933
61.6540000439 1951
61.9590001106 1892
66.0780000687 1889
66.9850001335 1787
69.5960001945 1916
71.3060002327 1917
71.9120001793 1944
72.3180000782 1763
72.7230000496 1917
72.9280002117 1897
73.4330000877 1959
74.2400000095 1921
74.3450000286 1928
79.0640001297 1982
79.1700000763 1961
79.5750000477 1898
80.6830000877 1835
81.8910000324 1968
82.0970001221 2042
82.3020000458 1894
83.7120001316 1905
87.0250000954 1942
88.2330000401 1825
89.1400001049 1930
92.253000021 2028
92.7600002289 1925
93.2650001049 1979
94.4740002155 1996
94.5790002346 1916
94.984000206 1867
95.2890000343 1982
96.6960000992 1819
97.3030002117 2004
97.4080002308 2046
98.9170000553 1916
101.028000116 1958
103.340000153 2033
103.447000027 2004
103.950000048 1880
104.854000092 1974
105.361000061 1889
105.866000175 1885
106.97300005 1993
108.782000065 1866
109.088000059 2020
109.795000076 1934
110.802000046 1864
111.006000042 1920
113.516000032 1991
116.325000048 1937
118.735000134 1912
118.839000225 1878
119.044000149 1914
119.650000095 1827
120.253000021 1977
120.558000088 1916
122.066000223 1907
123.471000195 1883
124.476999998 1889
125.285000086 1814
125.491000175 1860
129.312000036 1853
131.320000172 1935
133.327000141 1887
136.138000011 2004
137.043000221 1925
138.149000168 1953
139.355000019 2025
140.361000061 1891
140.465000153 1870
141.371000051 1823
142.878000021 1899
143.482000113 2047
145.592000008 1918
146.798000097 1932
148.20600009 1901
148.912000179 1916
149.417000055 1899
149.721000195 1926
150.627000093 1845
150.730000019 1899
151.538000107 1924
153.549000025 1886
153.652000189 1920
154.558000088 1920
155.06400013 1993
156.069000006 1982
156.171000004 1886
156.874000072 1804
157.580000162 1889
157.683000088 1800
161.996000051 1869
162.09800005 2072
162.903000116 1958
163.60800004 1866
164.013000011 1977
166.924000025 1878
167.329000235 1895
167.632000208 1828
168.437000036 2042
168.943000078 1853
170.34800005 1961
170.953000069 1988
171.056000233 1955
171.661000013 1959
172.1650002 1822
172.269000053 1959
173.775000095 1828
174.681000233 1979
176.288000107 1952
177.394000053 1915
178.09800005 2022
179.505000114 1915
179.709000111 1970
181.71600008 2040
181.819000006 1940
182.82400012 1975
183.830000162 1912
184.334000111 1924
185.440000057 1945
186.948000193 2078
188.656000137 1945
188.760000229 2001
188.863000154 1856
189.167000055 1827
189.470000029 1920
189.773000002 1867
191.381000042 1957
193.089000225 1912
193.894000053 1907
194.69900012 2304
194.803000212 1899
195.708000183 1933
196.013000011 1928
196.4150002 1854
196.620000124 2026
198.126000166 1870
198.93200016 1996
199.436000109 1975
199.842000008 1983
200.54700017 1904
200.651000023 2048
200.954000235 1949
201.257000208 1853
201.862000227 1972
207.779000044 1862
208.385000229 1990
210.294000149 2048
214.006000042 1915
214.311000109 2012
218.025000095 1905
218.730000019 1868
219.033000231 2006
222.543000221 2079
223.850000143 1953
224.051000118 1884
224.15500021 1913
224.258000135 1902
224.462000132 1897
225.267000198 1836
227.17200017 2041
227.576000214 1908
228.98300004 1957
229.388000011 1975
230.796000004 1939
232.805000067 1906
234.613000154 1907
235.719000101 1844
236.022000074 1914
237.929000139 1880
238.131000042 2003
238.936000109 1984
240.344000101 2017
241.148000002 1907
242.055000067 1855
242.359000206 2063
247.076000214 1792
247.180000067 1888
247.984000206 1843
250.292000055 1851
250.394000053 1862
250.897000074 2006
252.906000137 1895
255.616000175 2003
257.525000095 2030
258.93200016 1887
260.638000011 1887
262.046000004 1893
265.35800004 1891
266.160000086 1890
266.664000034 2070
267.168000221 1904
268.174000025 1896
268.377000093 1988
271.588000059 1885
271.692000151 1892
271.895000219 1785
273.903000116 1874
275.411000013 2059
277.018000126 1837
277.322000027 1941
277.826000214 1883
280.836000204 1901
282.244000196 1893
282.548000097 1874
284.355000019 1882
285.060000181 1887
285.463000059 1829
287.471000195 1979
287.775000095 1980
287.979000092 1895
288.482000113 2038
293.496000051 1874
293.601000071 1924
296.008000135 1911
296.512000084 1800
299.321000099 2007
303.032000065 1892
306.244000196 1894
309.054000139 1965
311.264000177 2022
313.775000095 1820
313.978000164 1947
317.388000011 1854
318.194000006 1966
319.701000214 1850
320.806000233 1901
321.008000135 2036
321.610000134 1904
322.113000154 1939
323.116000175 1932
323.719000101 1867
324.722000122 1875
324.82400012 1861
326.226999998 1895
327.231000185 2017
327.332000017 1927
327.533000231 1871
330.042000055 1838
330.343000174 1911
330.546000004 1895
333.054000139 1935
335.763000011 1941
336.166000128 1889
336.768000126 2002
338.876000166 1884
340.58100009 1932
340.684000015 2046
342.49000001 1813
343.593000174 1957
346.0 1964
347.406000137 1887
348.109000206 1895
348.210000038 1911
350.624000072 2028
351.53000021 1978
352.334000111 2025
354.043000221 1914
357.053000212 2039
357.959000111 1973
358.56400013 1799
358.768000126 1930
358.871000051 1883
358.97300005 1846
361.981000185 1891
362.183000088 1806
362.889000177 1999
363.995000124 1914
364.399000168 1878
365.302000046 1913
365.505000114 1916
366.611000061 1843
367.015000105 1825
367.720000029 1889
369.529000044 1893
370.434000015 2041
370.538000107 1909
372.545000076 2040
374.653000116 2005
375.458000183 2007
376.96600008 1927
377.269000053 2005
377.472000122 1931
377.976999998 1979
378.08100009 1920
379.188000202 1949
386.912000179 1937
390.925000191 2030
391.129000187 1878
395.344000101 1916
397.252000093 1852
399.260000229 1872
401.069000006 1911
401.472000122 2036
402.478000164 1904
403.283000231 1896
403.888000011 2022
405.393000126 1810
405.497000217 1801
407.90500021 1853
408.510000229 1927
408.614000082 1864
409.720000029 1925
410.225000143 2035
410.529000044 1849
412.436000109 1981
414.445000172 2000
417.055000067 1837
417.159000158 1980
417.263000011 1947
417.967000008 1816
418.271000147 1887
419.077000141 1897
419.779000044 1812
419.98300004 1952
421.889000177 1904
423.997000217 1942
424.100000143 1885
424.906000137 1832
426.513000011 1969
427.418000221 1849
428.123000145 2026
429.129000187 1998
429.834000111 1899
431.743000031 1907
433.351000071 1838
433.453000069 1884
433.65500021 1903
435.965000153 1860
437.97300005 2022
438.677000046 2024
439.982000113 1957
440.685000181 2713
440.99000001 2033
442.396000147 2000
444.304000139 1887
445.610000134 1978
446.114000082 1876
448.22300005 1874
449.832000017 1879
450.037000179 1862
450.641000032 1816
451.345000029 1932
453.052000046 1948
453.356000185 1895
454.562000036 1964
455.367000103 1924
456.072000027 1848
457.278000116 1891
457.683000088 1933
457.886000156 2040
460.997000217 1981
461.903000116 1891
464.81400013 1998
465.519000053 2012
466.22300005 1874
467.430000067 1985
469.137000084 2071
469.24000001 1889
469.343000174 1856
469.548000097 1875
469.751000166 1929
469.855000019 1957
472.36500001 2021
472.669000149 1954
473.173000097 1912
475.18200016 1921
475.285000086 1973
477.493000031 1851
477.897000074 2004
480.204000235 1903
481.611000061 1822
483.118000031 1887
483.621000051 1899
483.826000214 1972
485.433000088 1955
486.138000011 1979
486.843000174 1953
487.850000143 2015
490.257000208 1940
492.666000128 1958
492.770000219 1885
493.976000071 1853
495.883000135 2073
500.79700017 1895
501.601999998 1924
503.410000086 1878
503.713000059 2216
504.418000221 1896
505.122000217 1910
505.226000071 2027
506.231000185 1908
507.838000059 2029
509.346000195 1877
510.151000023 1899
512.259000063 1902
514.266000032 1963
517.177000046 1901
521.089000225 1945
521.393000126 2041
524.003000021 1990
527.211000204 1867
527.71600008 1882
528.220000029 1947
528.523000002 2008
530.833000183 1940
533.644000053 1873
533.847000122 1918
534.151000023 2000
536.860000134 1992
539.372000217 1932
540.276000023 1871
541.08100009 1990
542.487000227 1894
543.292000055 1936
543.79700017 1982
544.301000118 2016
544.40500021 1912
545.710000038 1901
546.616000175 1882
549.526000023 1833
549.630000114 1906
550.033000231 1945
551.339000225 1916
552.144000053 1953
552.247000217 1936
557.061000109 2033
558.367000103 2024
558.872000217 1945
559.377000093 1939
560.083000183 1877
560.889000177 2039
561.695000172 1887
564.605000019 2024
565.109000206 1941
565.312000036 1863
567.120000124 1809
567.725000143 1882
570.336000204 1874
571.142000198 1942
572.349000216 1787
572.652000189 1819
573.658000231 1873
573.861000061 1884
574.869000196 1817
576.577000141 1931
578.184000015 1904
578.588000059 1882
579.593000174 1898
579.898000002 1887
581.806000233 1941
582.009000063 1938
587.725000143 1938
588.029000044 1930
589.837000132 1808
590.342000008 2035
590.54700017 1945
592.152000189 1900
593.359000206 1936
596.669000149 2016
597.173000097 1916
598.579000235 1922
601.18900013 1841
601.592000008 1869
602.698000193 2067
603.604000092 1928
604.109000206 1946
605.9150002 1927
608.125 1982
610.635000229 1900
612.344000101 1822
613.249000072 1866
614.454000235 1908
614.859000206 1898
614.962000132 2022
616.167000055 1845
617.272000074 1944
618.580000162 2009
620.388000011 1801
621.895000219 1870
622.399000168 1882
622.601999998 1949
624.310000181 1811
624.613000154 1930
625.818000078 1887
626.122000217 1844
626.827000141 1846
627.631000042 2015
628.235000134 1903
628.940000057 1841
629.644000053 201
629.747000217 7
631.355000019 1983
632.160000086 1847
635.471000195 1879
636.376000166 1935
640.792000055 1895
643.601999998 1808
644.106000185 1812
645.212000132 1904
645.815000057 1847
646.220000029 1963
647.827000141 1827
650.536000013 1970
650.74000001 1874
651.445000172 1959
651.75 1954
652.254000187 1875
655.164000034 1900
655.468000174 1976
655.671000004 1988
656.375 1899
656.479000092 1945
657.785000086 1910
659.592000008 1891
661.298000097 1882
662.103000164 1895
664.012000084 2045
667.222000122 1911
667.626000166 1994
667.930000067 1947
668.535000086 1927
668.93900013 1918
669.542000055 1904
671.350000143 1875
671.653000116 1945
671.756000042 1958
672.762000084 1887
672.866000175 1859
672.969000101 1877
674.275000095 1839
675.181000233 1860
675.284000158 1891
675.388000011 1978
677.595000029 1978
678.601000071 1941
679.20600009 1956
679.710000038 1914
682.319000006 1810
683.326000214 1982
683.930000067 1891
687.041000128 1996
687.746000051 1942
689.453000069 2026
689.556000233 1784
691.86500001 1970
692.570000172 1837
694.578000069 1817
695.785000086 2055
696.390000105 1849
696.593000174 1916
697.19900012 1843
697.601999998 1888
699.209000111 1895
700.31400013 1931
700.719000101 2004
701.122000217 1990
702.328000069 1990
704.234000206 1854
706.742000103 1957
707.847000122 2030
710.158000231 1933
710.361000061 2020
713.873000145 1974
714.178000212 1953
716.187000036 2002
716.390000105 1886
717.495000124 1843
721.107000113 1947
722.313000202 1910
723.520000219 1985
725.125 1888
727.033000231 1916
727.236000061 1887
727.640000105 1986
728.545000076 1954
728.648000002 1889
730.957000017 1991
731.059000015 1924
731.663000107 1937
732.168000221 2024
735.079000235 2036
735.18200016 1966
735.285000086 1892
736.192000151 1940
736.496000051 1967
737.803000212 1847
740.414000034 1866
741.320000172 1998
743.528000116 1917
745.93900013 1940
747.345000029 1933
750.657000065 1886
753.066000223 1959
753.371000051 1954
755.582000017 1995
755.986000061 2027
756.49000001 1832
757.396000147 1835
758.502000093 1893
759.306000233 1843
759.509000063 1958
760.9150002 1913
761.218000174 1904
761.823000193 1894
762.226999998 1867
765.5400002 1832
766.545000076 1969
767.952000141 2024
769.360000134 1933
769.463000059 1907
769.96600008 1876
771.472000122 1893
772.478000164 1964
773.283000231 2015
775.993000031 1988
776.095000029 1857
777.402000189 2028
781.918000221 1847
783.425000191 1933
786.935000181 1924
787.340000153 1912
788.246000051 2071
788.349000216 1868
790.15500021 1922
793.667000055 1895
795.374000072 1945
796.781000137 1899
797.084000111 1970
797.989000082 1899
798.592000008 1967
798.795000076 1920
800.001000166 1961
801.308000088 1940
803.116000175 1895
804.322000027 1936
804.526000023 1853
805.130000114 1991
807.438000202 1902
808.443000078 1935
809.649000168 2040
811.960000038 2019
813.768000126 1974
817.380000114 1933
817.684000015 1870
818.49000001 2074
818.593000174 1991
818.897000074 1896
819.804000139 1916
821.311000109 1942
824.323000193 1893
826.632000208 1904
827.237000227 1943
827.942000151 1874
829.048000097 1819
829.151000023 1912
829.955000162 2069
830.357000113 1813
831.864000082 1970
832.369000196 1948
834.678000212 1933
836.786000013 1795
837.492000103 1823
837.596000195 1880
837.799000025 1950
837.902000189 1837
839.510000229 1907
841.017000198 1890
843.025000095 1877
845.534000158 2066
846.440000057 1907
847.747000217 1876
848.151000023 1890
848.556000233 1882
849.061000109 1856
850.969000101 1886
851.972000122 1981
852.677000046 1910
853.18200016 1921
855.994000196 1905
857.903000116 1833
860.518000126 2061
860.923000097 1876
861.026000023 1928
861.934000015 1997
865.151000023 1965
865.65500021 2012
865.759000063 2033
865.962000132 2029
866.866000175 1869
867.371000051 1876
869.178000212 1895
869.482000113 2009
870.587000132 1880
870.691000223 1816
871.296000004 1839
871.601000071 1974
872.60800004 1995
875.224000216 1910
877.137000084 1895
879.550000191 1945
880.357000113 1846
881.766000032 1934
883.176000118 1873
885.492000103 1951
886.701000214 1924
888.111000061 2028
891.128000021 1822
894.649000168 1970
895.154000044 2042
895.559000015 1957
895.663000107 1871
897.273000002 1919
897.776000023 1981
898.283000231 1820
898.888000011 1859
900.197000027 1832
900.903000116 1996
902.714000225 1896
906.73300004 2018
908.243000031 1868
909.151000023 1885
909.255000114 1890
909.860000134 2018
910.767000198 1953
910.870000124 1976
914.49000001 1896
916.100000143 1909
918.61500001 1974
919.221000195 1895
919.927000046 1968
920.735000134 1906
922.043000221 1878
922.849000216 1930
924.85800004 1922
928.472000122 1903
930.481000185 1881
932.089000225 2053
932.893000126 1875
933.799000025 1866
934.204000235 1898
934.709000111 1832
935.31400013 1895
935.617000103 1870
936.021000147 1890
936.927000046 1890
937.231000185 1950
937.936000109 1943
938.038000107 1940
939.247000217 1919
939.854000092 1888
939.958000183 1893
940.363000154 1822
940.668000221 1916
941.975000143 1883
942.882000208 1891
943.087000132 1828
943.190000057 1930
944.399000168 1878
945.607000113 1928
945.709000111 1928
947.821000099 1909
948.830000162 1837
949.033000231 1943
949.639000177 1949
951.44900012 1917
954.870000124 2011
955.174000025 1808
956.484000206 1934
958.697000027 1976
961.311000109 1932
962.520000219 1942
962.724000216 1982
963.029000044 2010
963.133000135 1908
963.236000061 1998
965.148000002 1936
966.559000015 1924
968.470000029 1849
968.875 1880
969.58100009 1986
971.696000099 1935
973.004000187 1929
974.010000229 1912
975.319000006 1932
976.929000139 1978
979.0400002 1963
980.950000048 1878
982.559000015 2010
986.875 2004
987.881000042 1808
989.994000196 2044
990.69900012 1975
994.514000177 1931
995.518000126 1887
997.929000139 1863
998.130000114 1869
998.23300004 1974
999.339000225 1961
1001.24700022 1895
1002.55100012 1838
1002.65600014 1905
1003.76200008 1890
1004.7650001 1846
1006.47500014 1992
1006.67800021 2035
1007.88800001 1790
1008.99500012 1888
1010.80700016 2068
1011.81600022 1880
1013.93000007 1928
1015.94400001 1909
1017.15100002 1981
1018.66000009 1939
1019.66600013 1874
1020.67200017 1805
1021.88100004 1843
1022.78800011 2021
1023.0940001 1875
1023.29500008 1903
1023.89900017 1951
1024.30400014 1942
1024.61000013 2105
1025.5170002 1899
1027.22800016 1852
1029.84300017 2020
1031.55400014 2053
1032.96400023 1841
1033.06700015 1913
1034.47400022 1887
1038.09100008 1936
1039.70300007 1866
1040.40800023 1876
1042.22000003 1945
1042.62400007 1927
1046.2420001 1948
1046.64700007 1978
1048.56000018 1907
1051.477 1909
1051.88200021 2014
1052.18600011 1962
1053.99800014 1860
1057.0150001 1766
1060.03200006 1925
1061.13900018 1924
1061.64400005 1907
1064.15900016 2070
1065.16700006 1891
1065.27100015 1938
1065.67600012 1845
1065.77900004 1862
1067.59100008 2099
1067.89500022 1817
1067.99900007 1843
1068.80400014 1856
1069.40800023 1905
1070.51400018 1949
1072.625 2027
1074.43400002 1866
1075.44000006 188
1075.54400015 7
1077.352 1971
1077.85700011 2007
1078.06000018 1978
1078.56400013 1900
1080.57300019 1955
1081.07700014 2025
1081.68200016 1874
1081.88600016 1852
1086.40600014 1867
1086.7110002 1880
1087.31700015 1999
1087.72200012 1887
1089.83400011 1951
1090.23900008 1923
1091.24800014 1959
1091.352 2127
1093.36100006 1808
1093.7650001 1986
1094.37000012 1921
1096.18000007 2047
1096.28400016 1862
1097.19100022 1907
1098.20000005 1932
1098.80400014 2022
1099.00900006 2040
1107.24900007 1839
1107.35300016 2046
1108.16100001 1904
1108.66600013 1903
1109.87300014 1885
1110.37800002 1961
1111.88600016 1923
1112.29200006 1898
1116.21000004 1891
1121.33400011 1903
1122.24000001 2441
1122.74600005 1862
1122.85100007 1860
1125.56800008 1895
1127.97800016 1990
1128.28300023 1868
1132.10400009 1881
1134.41300011 1853
1140.84000015 1891
1145.16400003 1914
1147.57800007 1920
1150.49300003 1890
1150.99700022 1977
1152.40600014 1873
1153.11200023 1990
1153.61800003 1907
1153.72100019 1896
1154.52600002 1891
1156.33400011 2022
1159.34500003 1887
1161.55500007 1837
1164.86600018 1941
1166.87200022 2007
1170.08100009 2034
1170.68600011 1888
1171.99100018 1956
1172.7980001 2041
1173.0 1911
1174.91200018 1951
1178.43100023 1906
1178.73300004 2024
1179.53800011 2043
1181.852 1933
1183.05800009 1990
1184.16400003 1945
1184.9690001 1899
1187.78400016 1920
1188.4920001 1927
1190.60400009 1852
1193.41800022 2073
1195.22900009 2060
1198.65100002 1846
1199.35500002 1972
1199.55900002 1916
1202.37300014 2009
1202.57700014 1882
1203.28200006 1961
1203.78800011 1898
1203.88900018 2078
1205.89500022 1940
1209.10900021 1957
1210.41600013 2038
1211.92500019 2032
1212.33000016 1941
1212.83500004 1896
1216.35100007 2024
1218.26000023 1919
1219.96800017 1861
1223.27700019 1965
1224.88500023 1879
1225.08800006 1837
1225.19100022 1933
1226.69900012 1811
1227.00300002 1928
1229.11000013 1796
1229.81700015 1931
1229.921 1907
1230.023 1910
1231.33000016 1910
1232.53700018 2011
1232.84100008 1967
1233.94700003 1896
1234.65200019 2075
1237.76800013 1917
1239.27800012 1939
1240.38500023 1959
1244.61000013 1887
1244.9150002 1826
1245.52000022 1808
1246.22500014 1945
1246.42800021 1815
1247.83700013 1857
1248.24100018 1983
1248.84700012 1796
1252.66600013 1878
1253.87300014 1975
1254.67900014 2010
1254.78200006 1854
1256.19000006 2023
1257.29700017 1919
1262.02400017 2230
1262.82900023 1906
1262.93400002 1904
1263.13700008 1937
1263.44300008 1957
1264.64900017 1865
1264.75200009 1883
1266.66400003 1883
1268.37900019 1939
1268.88400006 1893
1270.59600019 1883
1271.60600019 1954
1271.90900016 1837
1273.31900001 2019
1273.72500014 1816
1274.23000002 1912
1275.03700018 1864
1275.34200001 1982
1278.05800009 1942
1280.26800013 1828
1280.6730001 2039
1281.37700009 1904
1285.69700003 1990
1286.10000014 1887
1286.30400014 1971
1287.40800023 1887
1288.11400008 2005
1288.21700001 1930
1288.82300019 1903
1289.42800021 1914
1289.83300018 1901
1291.44100022 1998
1292.34700012 2015
1292.74800014 1976
1293.25300002 1844
1296.36400008 1891
1297.67200017 1936
1298.17600012 1905
1298.48000002 1907
1301.19100022 1895
1302.59800005 1898
1304.40900016 1897
1304.81400013 1995
1305.7190001 1895
1306.32400012 1955
1307.23000002 1950
1309.84300017 1867
1309.94700003 1924
1310.04900002 1953
1313.66700006 1932
1313.87100005 1896
1314.07500005 1862
1317.99500012 1986
1319.70400023 1884
1322.31900001 1853
1322.52600002 1965
1322.62700009 1891
1323.63200021 1920
1324.23400021 1862
1325.6400001 1891
1326.94500017 1891
1327.75 1815
1328.35500002 2025
1328.45600009 2116
1332.56100011 1949
1333.7650001 1864
1335.37300014 1957
1336.68000007 1893
1339.00400019 1958
1339.30600023 1894
1343.12000012 1995
1344.5250001 1911
1345.52900004 1833
1346.93300009 1930
1347.03500009 1920
1347.94300008 1888
1348.95000005 1888
1350.15600014 1853
1350.76000023 1848
1351.26400018 2064
1352.56800008 2252
1353.17200017 1809
1353.47300005 2032
1354.37700009 1995
1355.38100004 1916
1357.28900003 1991
1357.89400005 1955
1360.30400014 1972
1361.61100006 1910
1362.21300006 1974
1362.81600022 2040
1365.0250001 1876
1365.32700014 2599
1366.93400002 1882
1368.44100022 2012
1369.54700017 1873
1372.38600016 1958
1373.19100022 1847
1374.59800005 1848
1376.20600009 1979
1377.01100016 2012
1379.12100005 2014
1379.32600021 1903
1379.73100019 1873
1379.83400011 1943
1380.03800011 1914
1380.54200006 2056
1381.14700007 2078
1382.25500011 1862
1382.35800004 1902
1382.46200013 2027
1382.76600003 1919
1383.171 1896
1383.87700009 2002
1383.98100019 1857
1385.69100022 1954
1388.20700002 2033
1399.45900011 1884
1400.46600008 1832
1402.07500005 2046
1402.18000007 1887
1402.58500004 1904
1405.30000019 2030
1406.80800009 2815
1408.11600018 1857
1408.62400007 1897
1410.43500018 1895
1410.7420001 2033
1411.75 2061
1411.95400023 1820
1413.26400018 1998
1415.67600012 1844
1419.79400015 1972
1420.70200014 1915
1420.80700016 2059
1422.5170002 1896
1424.22800016 1996
1425.23600006 1895
1426.04300022 1972
1429.86000013 2019
1430.1650002 2454
1430.87300014 1907
1435.59200001 1865
1435.99900007 1895
1436.60400009 1947
1440.62400007 1950
1442.53600001 1889
1442.84200001 1867
1443.45200014 1885
1443.65800023 2020
1445.57000017 2041
1446.17800021 1846
1446.88400006 1942
1446.98900008 1917
1447.09500003 1893
1447.602 1914
1451.7190001 1986
1453.227 1927
1453.83400011 1986
1454.44000006 1851
1455.24800014 1874
1456.05500007 1759
1456.66100001 1835
1456.86500001 1962
1457.57200003 1966
1458.78100014 1941
1459.1880002 1903
1460.89900017 1961
1462.70800018 1912
1462.81200004 1967
1465.42600012 2040
1465.53200006 1839
1465.63500023 1873
1470.55900002 1912
1472.3690002 1954
1472.77600002 2045
1474.5860002 1841
1474.8920002 1945
1476.30200005 1903
1477.60900021 1896
1478.61500001 1911
1479.72400022 2007
1480.43100023 1898
1481.03700018 1955
1482.54500008 2009
1482.85100007 1791
1483.65900016 1912
1484.26400018 2042
1484.66800022 1891
1488.89100003 1856
1489.59700012 1932
1489.90200019 1960
1490.81100011 1916
1492.62000012 1965
1492.82600021 1837
1494.13500023 1954
1495.14500022 1943
1498.05900002 1965
1499.46800017 1894
1499.57500005 2024
1501.18300009 2031
1502.59300017 1906
1504.00300002 1795
1504.30800009 1888
1504.61300015 1879
1505.12000012 1905
1505.72600007 1941
1506.63400006 1862
1508.94500017 1961
1510.65400004 1894
1511.16000009 1951
1511.66600013 1782
1512.57300019 1982
1514.58400011 2069
1515.8920002 1862
1516.80100012 1894
1517.20700002 1858
1518.71800017 2050
1520.93200016 1982
1522.1400001 1958
1523.55000019 1880
1529.87400007 1980
1530.38100004 1871
1530.78800011 1875
1532.49700022 1941
1534.60700011 2018
1534.81200004 1866
1536.72300005 1932
1538.53400016 1928
1539.04200006 1850
1539.75100017 1895
1541.36400008 1775
1541.97300005 1924
1542.27800012 1884
1543.28600001 1825
1544.09500003 1907
1544.19800019 1962
1545.20500016 1867
1549.92700005 1998
1550.53500009 1932
1551.24300003 1913
1554.35800004 1980
1554.66400003 1879
1555.37100005 1888
1556.37900019 1878
1557.08500004 1899
1558.29400015 1895
1560.90700006 1824
1562.0150001 2007
1562.42000008 1901
1562.92700005 1833
1563.33300018 1899
1563.43900013 1928
1565.34600019 2043
1566.15200019 1853
1566.35800004 1997
1568.67200017 1795
1571.48800015 1817
1571.79300022 1953
1572.09800005 2068
1574.50800014 2046
1575.41600013 1870
1578.13100004 1864
1578.73700023 1928
1579.44400001 1999
1580.25200009 1924
1580.46000004 1846
1582.06900001 1989
1583.27900004 1998
1584.18600011 1949
1584.79200006 1920
1584.99800014 1995
1585.70500016 1903
1585.80900002 2058
1587.41900015 1854
1590.13200021 1928
1590.43900013 1907
1591.14500022 2033
1591.25100017 1998
1592.56200004 1980
1593.06900001 1859
1595.08200002 2062
1595.88800001 1856
1597.20100021 1939
1597.40200019 1899
1597.50800014 2018
1598.91700006 1835
1599.62700009 1872
1600.73600006 1903
1601.44300008 1889
1604.25600004 1894
1605.6650002 1981
1611.0860002 1808
1611.5940001 1994
1611.80000019 1951
1613.91200018 1946
1614.11800003 1935
1616.43000007 1981
1618.44000006 1907
1619.54700017 1841
1620.35400009 1903
1620.76100016 1878
1621.77000022 1929
1622.57600021 1895
1623.78400016 1913
1624.79300022 1863
1625.60000014 1783
1625.70500016 2046
1626.01100016 1967
1626.31500006 1919
1628.32600021 1795
1629.53300023 1907
1631.9460001 3300
1632.352 1848
1632.55700016 1886
1634.46800017 1874
1637.08200002 1858
1637.59000015 1896
1638.69800019 1995
1638.80500007 1991
1639.71200013 2043
1642.42500019 1876
1643.33300018 2050
1645.24500012 1920
1647.45900011 1901
1649.26800013 1982
1649.87600017 1834
1652.78900003 1965
1653.29400015 1914
1653.90200019 1869
1654.00800014 1887
1654.3130002 1941
1655.12200022 1859
1655.42700005 1866
1656.43500018 1948
1657.14400005 1944
1659.05600023 1901
1659.26100016 1905
1663.38200021 1949
1664.88900018 1866
1665.39500022 1907
1665.80200005 1911
1666.30900002 1903
1666.51400018 1970
1666.71800017 1862
1668.73000002 1900
1668.93500018 2003
1669.2420001 1828
1670.35000014 1835
1670.45600009 1935
1670.66100001 1885
1671.16700006 1974
1673.18000007 1907
1673.28500009 1937
1674.29200006 1997
1674.69800019 1930
1676.31100011 1920
1676.91700006 2053
1677.53300023 1924
1678.24100018 1982
1678.546 1849
1678.75 1899
1679.15700006 1899
1681.16900015 1878
1681.87700009 1925
1681.98100019 1930
1682.48600006 1916
1683.89500022 1893
1685.40700006 2418
1685.51100016 2008
1686.0170002 2020
1689.73300004 1898
1690.24000001 1938
1690.3440001 1961
1690.44900012 1924
1691.75800014 1920
1692.06400013 1884
1693.07200003 1914
1693.67800021 1992
1694.68500018 1905
1694.9920001 1930
1696.10000014 1799
1698.31400013 1984
1699.12100005 1944
1699.52600002 1886
1700.03300023 2003
1700.74100018 2006
1705.76000023 1912
1708.07200003 1940
1708.27900004 1891
1708.38300014 2016
1708.58900023 1959
1711.90400004 1866
1712.2110002 1898
1717.03100014 1826
1718.73900008 1887
1719.648 1891
1720.15500021 1796
1720.9610002 1920
1722.17000008 1963
1723.78100014 1919
1725.08800006 1890
1728.00300002 1962
1728.20800018 2028
1728.51300001 1825
1730.32400012 1953
1731.13100004 1948
1731.63500023 2005
1732.8440001 1902
1732.94900012 1887
1734.96400023 1986
1736.47400022 2059
1736.88000011 1797
1739.18900013 1867
1742.30600023 1880
1743.41300011 1998
1745.12400007 2033
1746.13300014 2004
1746.23900008 1891
1746.3440001 2060
1746.74800014 1911
1749.16200018 1951
1752.27600002 1848
1755.69100022 2021
1755.796 1831
1756.10100007 1892
1759.81800008 2007
1761.0250001 1924
1763.3360002 2023
1763.44200015 1873
1763.54700017 1851
1763.95400023 1964
1764.96300006 1916
1765.26900005 1884
1767.48300004 1957
1770.09500003 1831
1770.70000005 1995
1771.30800009 1899
1772.11400008 1868
1772.2190001 1845
1772.62300014 1959
1772.92800021 2017
1774.53800011 1891
1774.94400001 1895
1775.35000014 1930
1777.76200008 2018
1779.6730001 1851
1781.5860002 1897
1781.69100022 1899
1781.99600005 1885
1782.602 1953
1784.11200023 1870
1784.7190001 1992
1786.12900019 1898
1786.53400016 1915
1787.54200006 1891
1789.85500002 1853
1790.86300015 2027
1791.17000008 1912
1791.273 1924
1791.57800007 1930
1792.78700018 1953
1794.19700003 1919
1796.50900006 1974
1798.42000008 1957
1798.625 1867
1799.03200006 1965
1800.84300017 1881
1801.55100012 1927
1802.66000009 1876
1803.06500006 2076
1804.7750001 1896
1805.08000016 1989
1805.68900013 2061
1808.30100012 1979
1809.30900002 1859
1810.21600008 1963
1810.72100019 1952
1812.93100023 2001
1815.34900022 1951
1816.05800009 2015
1816.66300011 1932
1820.18200016 1883
1821.39300013 2010
1821.49800014 1926
1826.12400007 2003
1827.53400016 1862
1829.04300022 1957
1830.45100021 1875
1830.65600014 1907
1831.86400008 1887
1832.67200017 1882
1834.28500009 1792
1835.89400005 1916
1837.30200005 2037
1837.40800023 2016
1837.51200008 1902
1838.32000017 1958
1840.23100019 1844
1841.34000015 2022
1842.24600005 1915
1843.15400004 1803
1843.56100011 1911
1843.76600003 1987
1844.6730001 1895
1845.68100023 1881
1847.19400001 1939
1848.70300007 1947
1852.72300005 1885
1853.22900009 1905
1853.33500004 1853
1853.94100022 1978
1854.44700003 1906
1862.77600002 1924
1864.58800006 1892
1865.19400001 1952
1865.4000001 1903
1865.60500002 1986
1865.81000018 1912
1866.32400012 2000
1866.72900009 2034
1867.63700008 1907
1869.2440002 1899
1871.95900011 1930
1872.46500015 1883
1872.67500019 1898
1873.28300023 2015
1873.48700023 1937
1873.59300017 1971
1881.62700009 1836
1882.33100009 1895
1885.84300017 1884
1888.25400019 1993
1888.35500002 1844
1888.65700006 1895
1890.36200023 1920
1890.66400003 1849
1893.171 1858
1893.97500014 1924
1899.9920001 1900
1900.79500008 2001
1901.19700003 1980
1902.30100012 1959
1903.00400019 1929
1903.30700016 1876
1904.41000009 1993
1905.71500015 1986
1907.421 1985
1907.523 1882
1907.727 1991
1908.03100014 1949
1908.13500023 1953
1908.33900023 1993
1908.44300008 1864
1908.5480001 1901
1909.65600014 1839
1910.56400013 1911
1910.97000003 1817
1911.17400002 1891
1911.78200006 1944
1911.88600016 2065
1912.29300022 1880
1912.49700022 1903
1912.80200005 1919
1913.40400004 1979
1913.91000009 1899
1914.61600018 1865
1918.03300023 1936
1918.23800015 1915
1918.54100013 1904
1919.44400001 1896
1920.25 1972
1923.86500001 1961
1924.4690001 1864
1924.6730001 1924
1925.98000002 1769
1930.09500003 2037
1930.69900012 2130
1930.90400004 1900
1931.71000004 1932
1933.51900005 1900
1936.43400002 1877
1936.83900023 1900
1937.34500003 1932
1939.25600004 1916
1939.96300006 1878
1940.97000003 1974
1941.27600002 1901
1943.88700008 2066
1943.9920001 1925
1944.29900002 1917
1945.20500016 1891
1945.41100001 1989
1946.01600003 1975
1946.31800008 1961
1947.12200022 1957
1949.23200011 1868
1951.54200006 1910
1952.148 1875
1953.45300007 1841
1954.16000009 1930
1956.57200003 1847
1957.07600021 1970
1957.68300009 2050
1957.78700018 2032
1958.39400005 1867
1958.80000019 1851
1959.10600019 2001
1959.31100011 1864
1961.12200022 2035
1962.33200002 1908
1966.94800019 1858
1969.26200008 1999
1969.66700006 2059
1970.07200003 1907
1972.38400006 1862
1972.48800015 1889
1977.70900011 1957
1978.71700001 2003
1979.32200003 1864
1981.13100004 1940
1982.44400001 1981
1982.74900007 1796
1983.95700002 1895
1986.97300005 1860
1987.38000011 1899
1990.09200001 1899
1990.39600015 1982
1990.50100017 1957
1990.70500016 1908
1992.5150001 2054
1994.02400017 2000
1994.63000011 1882
1995.83800006 1928
1998.45100021 1901
1999.56000018 1825
1999.96500015 1956
2000.37000012 1926
2003.88500023 1867
2004.08900023 1826
2004.69500017 1969
2006.50400019 1820
2008.01200008 1839
2008.31700015 1899
2008.42200017 1893
2008.52700019 1919
2009.93000007 1852
2012.34000015 1959
2012.94700003 1908
2015.86200023 1897
2015.96400023 1855
2019.17400002 1890
2021.78600001 1949
2022.38900018 1972
2022.89400005 2025
2023.50100017 2032
2024.00800014 1899
2025.91600013 1867
2027.023 1842
2029.73600006 1858
2030.64400005 2003
2031.05000019 1974
2031.35500002 1829
2031.66000009 1824
2032.06500006 1995
2033.57400012 1943
2034.18100023 1846
2034.48600006 1840
2034.59100008 1899
2035.39700007 1970
2038.21000004 1885
2038.9150002 2033
2039.12000012 1804
2039.52600002 1981
2041.63700008 1860
2042.24300003 1967
2042.44800019 2016
2042.55200005 1887
2042.65600014 1827
2043.36300015 1889
2043.46800017 1944
2043.6730001 2007
2044.28000021 1872
2044.98700023 1916
2046.99700022 2043
2049.60800004 1941
2050.5150001 2016
2051.523 1891
2051.92800021 2036
2054.63900018 1923
2055.64500022 1974
2057.05300021 2033
2058.36200023 1953
2058.8670001 1916
2059.273 1818
2059.57900023 1928
2062.29300022 1955
2062.59700012 2015
2065.21000004 1917
2066.92000008 1911
2070.03500009 2012
2073.34900022 1998
2077.2650001 1907
2078.5710001 1878
2080.58000016 1807
2081.0860002 1905
2081.29100013 1895
2082.69900012 1890
2087.5170002 1956
2087.62200022 1902
2087.92700005 1894
2091.44300008 1864
2093.05300021 1983
2093.15800023 1886
2093.56500006 1987
2094.17200017 2007
2097.88900018 1882
2098.29500008 2024
2098.80000019 1925
2099.50600004 1898
2099.81200004 1959
2103.33000016 1882
2104.23900008 1820
2106.04900002 1879
2107.9610002 1858
2109.5710001 1829
2110.37800002 1928
2116.30100012 1902
2118.51400018 1985
2118.72000003 1848
2119.125 1885
2119.63200021 1948
2120.43900013 1790
2120.7440002 1970
2122.35400009 1957
2124.16600013 2028
2126.67800021 1923
2127.08400011 1957
2127.19000006 1988
2127.69400001 1900
2129.40400004 1916
2130.01100016 2102
2131.21800017 1877
2131.4230001 2027
2135.94200015 1893
2136.04700017 1874
2136.45300007 1866
2136.65900016 1948
2140.27600002 2045
2140.58200002 1785
2141.38700008 1909
2142.39400005 1924
2143.30100012 2040
2145.01000023 1863
2145.11400008 1861
2145.62100005 1932
2146.82900023 1877
2149.54200006 1813
2152.05700016 1936
2152.7650001 1895
2153.07000017 1845
2153.477 1823
2153.68200016 1871
2153.78500009 1968
2154.79200006 1938
2157.20600009 1895
2160.3210001 1834
2162.33300018 1929
2163.7420001 1994
2163.84800005 2010
2164.15300012 1925
2164.66000009 1995
2164.86600018 1895
2166.37700009 1996
2167.08300018 1914
2167.28900003 1896
2168.59700012 1978
2169.10300016 1831
2169.30800009 1899
2171.625 1970
2175.04200006 1875
2176.05100012 1853
2176.15700006 1953
2176.96500015 1900
2178.27400017 1898
2178.7750001 1936
2179.77900004 1889
2179.88400006 1945
2181.29300022 1878
2182.10100007 1952
2182.60700011 1945
2184.31700015 1925
2185.5250001 1924
2186.33000016 1931
2187.33800006 1857
2188.546 2015
2189.25200009 1849
2192.7650001 1995
2194.07500005 1913
2194.68200016 1875
2196.79400015 1846
2197.60100007 2042
2199.10900021 2022
2200.6190002 1940
2201.42500019 1872
2201.92700005 2019
2202.13100004 1916
2202.33500004 1812
2203.54400015 1913
2204.35100007 1826
2204.85700011 1891
2205.16300011 1830
2208.78000021 1791
2209.28400016 1912
2211.79900002 1789
2214.11200023 1973
2214.7190001 2056
2217.63200021 1897
2218.24000001 2031
2218.64500022 1927
2219.85400009 2014
2222.66800022 2024
2224.77800012 1933
2227.39300013 1821
2227.90100002 1882
2228.70800018 1939
2231.82200003 1923
2232.02600002 1875
2232.73400021 1919
2238.15500021 1825
2238.56200004 1845
2240.97600007 2061
2242.68600011 2053
2243.09300017 1893
2243.49700022 1911
2246.10900021 1841
2246.81600022 1903
2247.02100015 2015
2248.12900019 1833
2249.73900008 1885
2253.05500007 1929
2254.76400018 1881
2255.47000003 1983
2257.58300018 2033
2258.39100003 1857
2259.80200005 1798
2263.91600013 1882
2266.53100014 1887
2267.24000001 1978
2268.85100007 1838
2269.05700016 1763
2271.16900015 1930
2273.28000021 1856
2273.58500004 1936
2274.19100022 1828
2274.2980001 1932
2276.30800009 2028
2277.01600003 1880
2277.21800017 1933
2277.32300019 1907
2277.72900009 1999
2280.1420002 1915
2280.74900007 1892
2280.95400023 1855
2282.16200018 1961
2283.77200007 1786
2285.38100004 1911
2291.00300002 2033
2292.01100016 1813
2292.5170002 1891
2293.22400022 1889
2294.43100023 1847
2295.84000015 1888
2296.24700022 1857
2298.15700006 2053
2301.47400022 1912
2302.48200011 1862
2302.98900008 1877
2303.0940001 1876
2304.70400023 1899
2306.11100006 1986
2307.62000012 2025
2308.32800007 1839
2309.63700008 1933
2310.14300013 1841
2312.05300021 1932
2314.2650001 1873
2314.47000003 1961
2314.77600002 1912
2314.88100004 1828
2314.98500013 1920
2315.3900001 1882
2315.59600019 1851
2316.102 1893
2316.20500016 1953
2317.11400008 1883
2317.71600008 1854
2319.42500019 1862
2327.05200005 1932
2327.15500021 2028
2329.2670002 2153
2331.07700014 1
2331.17900014 945
2333.08500004 1801
2333.49000001 1980
2334.09800005 1885
2334.40300012 1907
2334.81000018 1880
2334.9150002 1836
2335.22000003 1896
2336.227 1928
2336.33000016 1817
2337.83900023 1930
2339.25 1926
2342.06400013 1945
2342.7670002 1969
2343.47400022 1969
2345.08400011 1995
2345.7900002 1945
2347.5 2008
2351.01300001 2068
2351.2190001 1917
2352.82800007 1978
2353.23400021 1910
2353.33800006 1771
2354.2440002 2005
2358.46500015 1928
2358.87000012 1895
2359.477 1813
2359.78200006 1904
2363.69900012 1814
2364.20500016 1927
2366.1170001 1896
2369.33100009 1999
2370.03900003 1829
2370.34500003 1812
2370.75100017 1961
2371.15800023 1806
2371.56400013 1933
2375.98200011 1990
2381.60300016 1954
2383.51400018 1974
2384.22000003 1860
2386.33100009 1956
2391.05100012 1856
2391.75900006 1928
2392.0630002 1875
2393.171 1959
2393.57900023 1894
2393.68300009 1976
2394.18900013 1893
2394.39400005 1871
2394.70000005 1873
2397.91600013 1911
2399.22300005 1906
2400.33200002 2013
2401.0400002 1873
2401.54400015 1909
2404.65600014 1935
2405.16300011 1858
2405.3690002 1852
2406.27800012 1892
2409.2900002 1894
2412.60700011 2003
2414.81900001 1903
2415.72800016 1976
2417.13700008 1898
2418.04300022 1978
2418.85100007 2005
2421.16200018 1855
2421.3670001 1979
2421.47300005 1935
2423.18400002 1903
2427.50200009 1999
2427.60600019 1866
2428.11200023 1872

