0.500999927521 1994
1.30800008774 1795
1.81500005722 1989
2.92499995232 1919
6.03500008583 1895
7.14100003242 1967
8.5490000248 1929
9.35399985313 2033
10.1600000858 1806
10.4670000076 1928
10.9719998837 1818
13.7860000134 1921
15.6970000267 1956
17.001999855 2019
21.7209999561 1962
22.9300000668 1961
23.8369998932 1879
26.8480000496 1944
27.3510000706 1982
29.3619999886 1978
30.2720000744 1940
32.7829999924 1832
35.4960000515 2023
36.001999855 1944
36.4070000648 1895
38.2189998627 2036
42.6349999905 2023
43.8439998627 2038
44.9500000477 1888
45.2539999485 1926
47.3659999371 2063
50.1800000668 1816
51.6889998913 1889
51.993999958 2007
52.6970000267 1984
52.9029998779 2048
54.111000061 1854
54.5169999599 1869
55.7239999771 1911
57.1340000629 1787
57.2369999886 2040
58.9430000782 1859
59.1480000019 2038
59.753000021 2014
60.1579999924 1880
63.5720000267 1904
64.0769999027 1888
68.4930000305 2007
70.4049999714 1942
74.9200000763 1935
77.631000042 1971
80.3459999561 2036
80.8510000706 2064
80.9559998512 1898
81.0599999428 1830
83.3710000515 1822
84.1759998798 1936
85.3840000629 1918
86.8959999084 2000
88.2039999962 1994
88.9079999924 1859
89.0130000114 1986
94.0329999924 1891
95.5429999828 1854
98.3559999466 1933
98.760999918 1993
101.773999929 1883
102.078000069 2032
102.88499999 2056
108.207000017 1968
109.717000008 1907
109.921999931 2024
110.126999855 1803
111.234999895 1907
113.645999908 1945
114.05099988 1917
116.463000059 1941
116.667999983 1923
118.177000046 2008
119.083999872 1950
120.39199996 1812
121.198999882 1897
123.210999966 1941
124.218999863 1862
124.322999954 1972
125.73300004 2040
126.338999987 1945
128.25 2086
129.859999895 1930
130.26699996 1928
130.872999907 1875
131.678999901 1885
134.09100008 1903
136.602999926 1940
136.707999945 1952
137.714999914 1950
138.922999859 1853
140.131000042 1911
140.335999966 1925
140.438999891 1990
143.453000069 1870
144.25999999 1947
144.766000032 1927
145.572999954 1909
148.085000038 1911
148.391000032 1950
150.703000069 1929
151.710999966 1956
154.624000072 2002
157.236999989 1828
157.64199996 2070
159.451999903 1999
161.961999893 1931
162.667999983 1864
163.072999954 1859
163.780999899 1935
165.289999962 1905
167.201999903 1838
168.309999943 2094
168.917000055 1978
169.122999907 1862
169.728999853 1995
169.933000088 1941
170.237999916 1971
173.152999878 1896
173.558000088 1804
174.664000034 1961
176.070999861 2022
177.478999853 1987
177.683000088 1908
178.691999912 1895
179.601999998 1972
181.912999868 1996
183.119999886 1829
185.832000017 1883
186.838000059 1999
187.444999933 1899
187.851000071 1894
187.953000069 1909
188.861000061 1868
191.372999907 1895
191.476999998 1998
191.681999922 1880
191.786000013 1885
194.496000051 1928
195.101999998 2538
195.203999996 1889
195.606999874 1909
195.911999941 1851
197.621000051 2077
198.527999878 2039
198.933000088 1844
203.152999878 1911
206.48300004 1946
207.490999937 1866
209.299999952 1858
209.504999876 1853
214.724999905 1924
218.138999939 1891
219.848999977 1891
228.480999947 1974
230.690999985 2000
232.399999857 1939
232.905999899 1915
233.914000034 2049
234.01699996 2020
234.522000074 1897
234.927000046 1991
236.335999966 1917
239.649999857 1900
241.859999895 2002
244.069000006 1998
244.976999998 1801
245.078999996 1840
245.384000063 1916
248.297999859 2302
250.309000015 2043
253.220999956 2049
254.128999949 1890
254.433000088 1926
256.443000078 1978
256.547999859 1952
257.154000044 1980
257.457999945 1930
260.16899991 2017
261.575999975 2006
264.99000001 1908
265.898000002 1969
266.803999901 1907
267.410000086 1924
267.61500001 2057
267.718999863 1802
267.823999882 1841
268.029999971 1987
269.236999989 1967
269.542000055 1936
269.647000074 2057
272.059000015 1858
273.164999962 1950
275.476999998 1866
276.183000088 1946
276.990999937 1954
278.90199995 1989
280.00999999 2061
283.823999882 2019
284.730999947 1927
285.335999966 1803
286.845999956 1888
286.950999975 1995
287.556999922 1905
292.069000006 1914
292.67599988 1893
293.684000015 2025
295.796999931 1928
297.805999994 2020
298.411000013 1959
303.833999872 1914
306.947999954 1866
308.157999992 1940
309.565999985 1907
311.576999903 1894
311.680999994 2007
312.489000082 1926
313.796000004 1920
316.007999897 1949
316.410000086 1978
319.924000025 2001
322.036000013 2722
322.740999937 2044
323.04399991 1898
324.351000071 1828
324.957999945 1887
325.263000011 2038
325.667999983 1822
330.787999868 2057
332.59800005 2034
333.103999853 1878
334.612999916 1837
335.618999958 1924
339.74000001 1848
340.145999908 1916
342.556999922 2060
343.364000082 1956
344.773999929 1876
346.78399992 2010
346.888000011 2061
347.093999863 1923
350.210999966 2044
351.118000031 1891
351.922999859 2004
361.15899992 1997
363.871000051 1839
365.279999971 2078
366.086999893 1916
366.691999912 1922
366.996999979 1991
369.411000013 1951
369.612999916 1878
370.217999935 1936
371.52699995 1944
373.43599987 1878
373.540999889 1908
373.746000051 1943
375.655999899 2001
377.764999866 2024
382.481999874 1967
382.786999941 1955
385.297999859 2011
386.102999926 1972
386.507999897 1941
386.713000059 1874
387.41899991 1946
388.424999952 1770
392.24000001 2048
395.152999878 1908
395.555999994 1891
395.960999966 2033
396.967999935 1918
397.374000072 2058
397.780999899 1941
399.690000057 2031
400.997999907 2032
401.102999926 1957
401.40899992 1929
402.214999914 1847
402.41899991 1931
404.128999949 1948
404.63499999 1881
406.444999933 1907
406.848999977 1985
408.960000038 2070
409.36500001 1813
410.072999954 1922
411.480999947 1803
411.887000084 2082
413.493999958 1867
413.697999954 1969
414.203999996 2019
414.309000015 1916
414.513999939 1961
414.717999935 1860
414.924000025 1916
415.830999851 1936
417.037999868 1869
418.547999859 1891
418.852999926 1937
419.85800004 1907
420.661999941 1914
420.967999935 1973
421.371000051 1857
421.476000071 1902
423.184000015 1929
424.894000053 1864
425.5 1986
426.405999899 1879
428.516000032 1958
430.125999928 2025
430.330999851 1978
432.540999889 1884
432.945999861 2055
434.555000067 1901
435.059999943 1937
438.575999975 1919
443.993999958 1992
445.90199995 1998
447.109999895 1902
447.717000008 2039
447.921000004 1869
448.728999853 2007
448.934000015 1854
449.037999868 1909
449.945999861 1870
450.251999855 1959
452.562999964 1945
452.767999887 1938
455.279000044 1893
455.885999918 1950
456.892999887 1912
457.09800005 1920
457.203000069 1830
458.81099987 1855
461.121999979 1952
461.928999901 1952
463.63499999 1885
464.24000001 2005
466.05099988 1978
466.455999851 1932
466.762000084 1911
468.671999931 1920
469.27699995 1900
469.582999945 2012
470.289000034 1871
470.795000076 1819
471.500999928 1791
472.207999945 1916
472.815000057 1961
473.519999981 1968
473.825000048 1998
474.230000019 1951
474.536999941 1912
475.444000006 1924
476.953999996 1892
477.058000088 1845
477.162999868 1874
477.769000053 1918
477.973999977 1853
479.684999943 1887
480.290999889 1935
481.398999929 1924
481.503999949 2040
482.410000086 1869
482.915999889 1936
483.322999954 2063
484.529999971 1858
485.838000059 1931
486.142999887 1860
486.447000027 1894
489.059000015 1953
489.263000011 1905
490.97300005 1910
491.075999975 2018
493.385999918 1944
493.690999985 1906
495.601000071 1958
496.707999945 2296
497.616999865 1887
500.128000021 1989
500.433000088 1945
502.744999886 1962
502.848999977 1982
503.251999855 1964
503.858999968 1838
504.36500001 1871
505.470999956 1983
506.779999971 1895
509.392999887 1859
510.398000002 1882
510.803999901 1897
515.724999905 1983
516.129999876 1943
517.937999964 1910
518.243000031 1887
518.34800005 1915
520.657999992 2015
522.470999956 1922
526.083999872 1877
526.892999887 1812
528.30099988 1799
529.510999918 1961
529.71600008 1970
530.221999884 1874
532.53399992 1977
534.546000004 1893
534.750999928 1856
538.366999865 1912
539.575999975 1924
539.680000067 1819
541.289999962 1878
545.105999947 2010
545.411000013 2011
546.819000006 2035
550.233999968 1906
550.338000059 1902
551.444999933 2028
553.453999996 1948
554.56099987 1907
554.664999962 1862
554.769999981 1898
556.980000019 1919
557.085000038 1907
557.289999962 1840
559.500999928 1922
560.609999895 1898
562.728999853 1911
563.43599987 1850
564.138999939 2015
565.142999887 2049
565.944999933 1986
566.546999931 1895
566.648999929 1917
570.861999989 1882
571.164000034 1961
571.968999863 2708
572.47300005 1887
573.878000021 1911
574.484999895 1907
574.688999891 1957
577.802999973 1867
580.210999966 1916
582.217000008 1991
583.320999861 1935
584.023999929 1983
584.524999857 1801
585.328000069 1951
585.430000067 2096
587.737999916 1909
588.743000031 1854
589.445999861 2046
591.351999998 1908
592.957999945 1931
593.058000088 1844
596.065999985 1876
596.26699996 2225
596.66899991 2008
596.869999886 1989
600.478999853 1919
600.881000042 2038
601.082000017 2028
601.184000015 1920
603.59100008 1946
604.694000006 2010
605.598999977 1940
605.802000046 1863
608.309000015 1907
608.411000013 2049
608.614000082 1917
611.220000029 1912
611.320999861 2033
612.023999929 1941
614.129999876 1924
617.34100008 1894
617.54399991 1920
618.747999907 1961
619.149999857 1887
620.853999853 2027
622.760999918 1924
623.161999941 2066
623.364000082 2007
623.86500001 1945
624.065999985 1932
624.167000055 1995
625.871000051 2026
627.677000046 1885
627.977999926 1940
628.579999924 2021
630.184000015 1965
630.385999918 2043
635.0 1871
635.30099988 2021
636.904999971 2019
637.207000017 1892
641.218999863 1914
642.128000021 1936
643.330999851 1927
644.032999992 2048
644.74000001 2013
646.444000006 1830
647.346999884 1886
647.549000025 1891
647.849999905 1956
648.453999996 1919
648.654999971 1999
651.263000011 1851
655.072999954 1985
655.575000048 1838
658.382999897 2019
661.195999861 1982
661.496999979 1947
661.802000046 2048
662.905999899 1963
663.708999872 2069
666.214999914 2014
666.917999983 2011
668.22300005 2007
670.330999851 1826
670.933000088 1881
673.438999891 2038
673.84100008 2002
674.14199996 1920
674.443000078 1893
674.644000053 2015
677.15199995 1936
677.855000019 1935
677.954999924 1907
679.65899992 1938
681.36500001 1803
682.368999958 1858
682.770999908 1908
687.986000061 1932
689.690999985 1876
690.092999935 1937
692.499000072 1907
692.901000023 1833
694.405999899 2013
695.710000038 1863
695.81099987 1889
698.519000053 1961
698.921000004 1932
700.224999905 1891
700.931999922 2028
702.035000086 1999
704.845000029 1886
712.674999952 1905
713.382999897 1947
713.891000032 1909
718.009000063 1891
719.414000034 1903
719.815999985 2063
720.217000008 1920
721.520999908 1965
722.424000025 1995
723.325999975 1919
725.833999872 2048
726.637000084 1891
727.638999939 1902
729.944999933 1894
732.254999876 1883
732.460999966 1997
732.565999985 1888
733.372999907 1896
733.477999926 1945
733.78399992 1990
733.989000082 1949
734.194000006 1952
737.608999968 1863
737.710999966 1891
738.618000031 1862
740.626999855 1929
741.734999895 1932
742.042000055 1895
742.445999861 1898
742.753000021 1907
745.464999914 1905
746.368999958 1853
748.681999922 1931
753.295000076 2018
753.395999908 1975
753.697000027 1837
754.598999977 1905
757.309000015 1862
757.609999895 1895
758.012000084 1909
759.815999985 1893
762.823999882 2069
763.927999973 2010
764.329999924 1916
765.332999945 1962
765.434000015 1950
765.535000086 1912
768.546999931 1874
769.849999905 1849
770.751999855 1930
771.154000044 2011
772.056999922 1957
772.257999897 1823
774.36500001 1864
774.569000006 1872
775.776000023 2015
777.779999971 1912
778.382999897 1904
779.286000013 1949
780.389999866 1959
782.093999863 2057
782.195999861 1887
782.296999931 1859
783.700999975 1893
784.506999969 1954
786.912999868 2011
787.816999912 2037
789.622999907 1912
790.027999878 3300
792.934999943 1898
793.842000008 1916
797.351000071 1915
798.555000067 1885
799.657999992 1824
801.361999989 1980
801.763000011 1944
802.665999889 1913
806.67599988 1875
807.277999878 1893
809.384000063 2004
810.289000034 1873
811.592999935 1867
812.697999954 1892
813.700000048 1936
815.305000067 1912
815.806999922 1943
816.90899992 1858
817.510999918 1947
820.318000078 1869
821.522000074 1870
823.527999878 1914
823.629999876 2077
823.933000088 1907
825.137000084 1946
828.144999981 1887
828.746999979 1939
830.052000046 1882
830.859999895 2046
835.470000029 1912
837.674999952 1884
838.779999971 1834
840.28399992 1990
840.589999914 1857
841.601999998 1996
843.305999994 2022
843.407000065 1863
845.111999989 2011
848.72300005 2521
850.026000023 1869
850.328999996 1986
850.430000067 1895
853.440000057 2053
853.740999937 1966
853.941999912 2015
854.142999887 1870
854.54399991 1855
856.049000025 2011
856.55099988 1912
856.753000021 2049
864.47300005 1856
867.279000044 1872
870.688999891 1839
872.796000004 1812
875.402999878 1945
876.910000086 1948
877.411000013 2025
877.914000034 1870
878.917999983 1860
879.220999956 1861
879.323999882 1964
881.529000044 1928
883.437000036 2028
883.739000082 1958
884.542000055 1911
889.853999853 1903
892.662999868 1896
894.868999958 1888
895.069999933 1888
896.374000072 1918
896.876999855 1885
898.180999994 1995
898.481999874 1885
898.983999968 1923
899.285000086 1953
901.292000055 1995
903.698999882 1789
907.309000015 2014
909.618999958 1961
909.822999954 1812
911.134000063 1877
911.737999916 1844
912.546000004 1880
912.951999903 1916
913.154999971 1938
915.667000055 2053
915.770999908 1916
915.976000071 1867
918.286999941 1861
919.093999863 1928
919.197000027 1813
923.414999962 2046
923.519000053 1907
923.723999977 1924
925.23300004 1941
926.943000078 2026
927.047999859 1960
928.254999876 1874
930.164999962 1903
930.369999886 1943
930.674999952 1896
931.583999872 1842
932.389999866 1910
932.894999981 1828
935.705999851 1898
935.910000086 1890
936.014999866 1897
936.622999907 1941
937.329999924 1896
940.244999886 2073
942.052000046 1899
942.157000065 1837
943.065999985 1903
946.582000017 1908
948.994999886 2037
949.299999952 1919
950.506999969 1878
951.514999866 1894
952.121999979 2027
953.029000044 1965
953.233999968 2028
953.338000059 1963
954.948999882 1873
955.954999924 1916
958.266000032 1860
958.672999859 1889
959.980999947 1924
963.892999887 2007
965.503000021 2040
965.707999945 2007
965.812999964 1881
967.320999861 1874
968.227999926 1969
968.733999968 1932
970.142999887 1906
973.253000021 1874
973.558000088 1895
973.862999916 1921
974.569999933 1937
975.878000021 1894
977.989000082 1917
979.598999977 1960
980.204999924 2159
981.012000084 2024
981.217000008 1861
981.823999882 1928
981.927000046 1965
982.332999945 1910
985.34800005 1934
985.851999998 1863
986.958999872 1914
987.364000082 1891
991.282000065 1885
991.486999989 2003
993.799000025 1887
994.003999949 1938
998.621000051 1991
999.628999949 2049
1001.23600006 1978
